0 19.152457
1 7.598763
2 11.037970
3 9.550200
4 8.438223
5 11.031615
6 8.622756
7 10.779923
8 6.104117
9 9.864610
10 6.168184
11 7.885201
12 7.779422
13 10.273369
14 7.254008
15 10.818359
16 6.378018
17 12.018341
18 10.941769
19 9.913302
20 10.462559
21 12.085818
22 6.660989
23 8.505270
24 8.773160
25 15.962657
26 8.279608
27 9.543210
28 11.048738
29 9.325115
30 6.387708
31 12.846515
32 10.899051
33 8.012248
34 12.757283
35 12.104014
36 13.709527
37 10.424743
38 10.534542
39 10.094347
40 12.872359
41 7.611127
42 11.012933
43 5.935202
44 9.248673
45 9.098012
46 6.342778
47 7.711139
48 6.580511
49 8.218874
50 7.267748
51 11.019513
52 8.248618
53 12.088348
54 12.593743
55 13.087652
56 11.701539
57 11.421395
58 12.504504
59 8.799713
60 11.894641
61 10.235953
62 11.950860
63 12.607849
64 11.361194
65 9.923768
66 9.679194
67 7.110716
68 8.735329
69 7.854680
70 7.801338
71 7.214131
72 6.873184
73 8.878744
74 11.396426
75 13.517409
76 14.714314
77 7.536926
78 8.801188
79 6.801513
80 6.782857
81 7.364980
82 6.827317
83 5.213109
84 7.017936
85 8.776247
86 9.824204
87 6.829099
88 7.527208
89 10.084135
90 12.800850
91 10.510508
92 7.247132
93 8.638690
94 10.683896
95 12.699092
96 13.590619
97 11.149137
98 11.047594
99 8.564398
100 6.347071
101 6.371881
102 7.789813
103 12.541951
104 8.757400
105 9.923178
106 11.009830
107 12.242516
108 9.964971
109 15.509986
110 7.525033
111 9.513382
112 10.290979
113 9.314804
114 10.319813
115 12.905206
116 12.294821
117 10.112098
118 13.107692
119 10.892409
120 13.782243
121 9.209831
122 11.776898
123 7.482479
124 8.892258
125 10.391608
126 17.262197
127 14.458627
128 7.946414
129 14.755336
130 8.206803
131 13.560755
132 10.133496
133 11.635983
134 11.599715
135 13.353838
136 7.994146
137 8.766834
138 9.533686
139 6.259951
140 10.362598
141 10.877059
142 10.763251
143 8.487527
144 9.978661
145 9.501242
146 7.213296
147 13.642859
148 9.437601
149 11.409527
150 8.001589
151 9.414075
152 7.886245
153 9.031192
154 8.323412
155 4.996640
156 9.151241
157 7.832488
158 11.858191
159 11.515490
160 10.432136
161 9.122413
162 9.081164
163 5.806864
164 10.966090
165 7.581308
166 7.859973
167 7.162042
168 7.738380
169 10.249529
170 6.069450
171 7.618520
172 11.023267
173 14.007023
174 9.525683
175 9.562021
176 11.564190
177 8.616185
178 6.619574
179 5.910091
180 10.300796
181 9.818581
182 6.614775
183 8.891898
184 10.457605
185 12.325580
186 8.750107
187 12.666624
188 15.339353
189 11.051532
190 12.095319
191 7.006440
192 9.417398
193 9.218887
194 9.857285
195 8.078236
196 7.777775
197 12.968731
198 12.357498
199 10.169706
200 13.000497
201 9.154422
202 9.889282
203 11.039567
204 10.837232
205 11.257560
206 6.447560
207 8.924458
208 7.223763
209 4.884989
210 9.186988
211 6.161095
212 8.628239
213 8.035011
214 6.233831
215 9.799098
216 11.748168
217 14.153484
218 11.786968
219 9.426709
220 13.662445
221 9.608853
222 4.797079
223 6.885947
224 6.478585
225 9.273088
226 8.987366
227 10.402042
228 8.536890
229 8.917339
230 14.388788
231 10.061509
232 7.046375
233 8.867965
234 8.991007
235 11.623078
236 10.108760
237 12.223751
238 9.329393
239 6.636400
240 10.620328
241 9.836217
242 11.248426
243 10.475936
244 10.281213
245 12.318491
246 16.052276
247 8.932530
248 6.992299
249 13.140992
250 9.835674
251 5.059448
252 9.743552
253 8.163976
254 8.013829
255 11.286091
256 10.910722
257 11.432075
258 12.439311
259 13.194136
260 9.826288
261 10.434512
262 10.294697
263 9.762134
264 10.100126
265 8.946749
266 13.287255
267 10.711902
268 11.281262
269 9.863976
270 13.234872
271 8.969879
272 10.064112
273 10.685364
274 11.875650
275 8.568198
276 8.765007
277 5.949308
278 5.084012
279 4.295912
280 9.257701
281 9.667430
282 11.079736
283 13.452965
284 11.762875
285 14.658038
286 13.447530
287 6.673761
288 7.017323
289 9.105554
290 13.073978
291 12.455815
292 13.460351
293 8.461608
294 11.341693
295 7.847113
296 5.927565
297 7.023285
298 9.523353
299 12.487870
300 12.462904
301 11.833222
302 15.171952
303 11.733396
304 9.874047
305 7.664624
306 7.306900
307 10.063755
308 10.760735
309 10.941010
310 7.884996
311 9.682952
312 15.338467
313 12.833736
314 12.588480
315 11.789526
316 10.757522
317 10.280612
318 13.525554
319 11.541316
320 10.706090
321 9.939480
322 8.902232
323 8.813844
324 9.008193
325 12.341724
326 10.851881
327 10.359342
328 10.467839
329 10.517337
330 9.802013
331 8.591442
332 11.538583
333 14.088649
334 8.503288
335 8.765408
336 9.443813
337 7.503411
338 7.716447
339 5.897019
340 8.708104
341 11.905921
342 10.004618
343 9.280830
344 5.994614
345 9.029972
346 8.127136
347 8.326250
348 11.692338
349 5.518270
350 5.618287
351 16.164694
352 10.159556
353 12.925255
354 12.451357
355 9.003651
356 9.440591
357 10.649599
358 9.987028
359 8.905602
360 9.556954
361 10.231682
362 8.876585
363 9.542776
364 12.400873
365 9.328056
366 8.229466
367 11.502584
368 11.584293
369 11.112555
370 9.642213
371 9.757862
372 8.293190
373 7.138845
374 11.133261
375 11.141283
376 5.110963
377 7.733952
378 8.126601
379 11.952571
380 14.288361
381 10.951557
382 12.547047
383 9.223711
384 8.772910
385 11.180450
386 10.930133
387 12.003171
388 11.067703
389 16.134861
390 7.627298
391 7.082691
392 8.482365
393 13.617296
394 10.228581
395 9.549683
396 10.718335
397 8.236838
398 8.754501
399 9.453739
400 9.200669
401 12.994736
402 15.271239
403 12.834099
404 10.907910
405 12.585025
406 16.788683
407 11.785564
408 15.255718
409 11.311311
410 10.852198
411 8.833486
412 11.558162
413 8.740781
414 8.476084
415 15.195465
416 10.162428
417 8.149494
418 8.650485
419 10.581243
420 6.343357
421 6.855285
422 12.597637
423 6.008699
424 6.436600
425 8.105281
426 6.168216
427 7.063909
428 7.340867
429 11.579532
430 8.729016
431 8.635817
432 8.866036
433 10.308204
434 12.449887
435 10.661247
436 9.128698
437 7.299821
438 9.317794
439 11.446740
440 11.838960
441 6.925236
442 5.500305
443 7.901445
444 11.014660
445 8.028629
446 9.019935
447 7.983807
448 9.398720
449 6.978185
450 13.470275
451 13.632478
452 12.047222
453 11.413486
454 7.826402
455 10.642661
456 10.999325
457 10.941547
458 12.944936
459 7.824076
460 8.167212
461 9.642410
462 8.558972
463 11.319315
464 10.924405
465 10.883660
466 11.028819
467 11.492233
468 6.591581
469 11.656288
470 9.298192
471 8.861460
472 9.675480
473 10.714702
474 9.468163
475 11.037445
476 10.965208
477 9.131269
478 7.672883
479 10.567223
480 7.267448
481 13.080070
482 9.006535
483 9.296718
484 7.162283
485 7.847048
486 9.813214
487 10.826925
488 8.467581
489 11.415209
490 9.722771
491 8.501421
492 10.017093
493 11.184888
494 11.975004
495 9.422483
496 13.287877
497 7.026145
498 7.930327
499 7.151780
