0 -0.006453
1 -0.000507
2 0.004361
3 0.001315
4 0.000815
5 0.000660
6 0.001017
7 0.002284
8 -0.001080
9 0.003699
10 0.001549
11 -0.003437
12 0.000137
13 0.001644
14 0.002109
15 0.000346
16 -0.000908
17 0.000628
18 -0.000495
19 -0.001975
20 0.003305
21 -0.001756
22 -0.001562
23 -0.003118
24 0.000059
25 0.000559
26 -0.000269
27 -0.004728
28 0.000447
29 0.003802
30 -0.003593
31 -0.002454
32 0.002504
33 -0.002956
34 0.002628
35 0.000565
36 0.003180
37 0.001326
38 -0.003495
39 0.000289
40 -0.000521
41 0.001585
42 -0.000940
43 0.001592
44 0.004895
45 0.004381
46 -0.001357
47 0.001706
48 0.001244
49 -0.002334
50 -0.001198
51 0.002646
52 0.000404
53 -0.000623
54 0.001675
55 0.002161
56 -0.003114
57 -0.000293
58 -0.000511
59 0.004587
60 0.000337
61 -0.001305
62 -0.000929
63 -0.000653
64 -0.001038
65 0.001050
66 0.000541
67 0.000335
68 -0.000185
69 -0.001259
70 -0.002353
71 0.006157
72 0.000755
73 -0.002314
74 -0.002207
75 -0.001806
76 0.004832
77 0.003201
78 -0.001449
79 -0.001408
80 -0.000022
81 0.002541
82 0.000688
83 0.003892
84 0.001468
85 -0.000158
86 0.001018
87 -0.001945
88 -0.001985
89 -0.000496
90 0.000208
91 0.001047
92 0.002967
93 -0.000959
94 0.000149
95 -0.004349
96 0.003290
97 -0.003641
98 -0.004505
99 0.000138
100 0.005252
101 -0.000377
102 0.004149
103 0.000866
104 0.003065
105 -0.003575
106 -0.001529
107 -0.001294
108 0.001519
109 -0.001426
110 0.001241
111 0.000232
112 0.001911
113 0.001666
114 -0.002574
115 0.001037
116 0.002201
117 0.004580
118 0.002305
119 -0.001957
120 0.001436
121 -0.002390
122 0.002692
123 -0.000781
124 -0.001841
125 -0.000997
126 -0.001651
127 -0.000485
128 0.000234
129 0.002375
130 -0.000915
131 0.002128
132 0.000811
133 0.000890
134 -0.001190
135 -0.000198
136 0.002402
137 -0.000130
138 0.002128
139 -0.001377
140 0.001556
141 -0.001128
142 0.000318
143 -0.002880
144 -0.004485
145 0.004199
146 -0.001098
147 0.002830
148 0.000979
149 -0.002090
150 -0.000640
151 0.000844
152 -0.002664
153 0.000105
154 -0.003887
155 -0.000630
156 0.002723
157 -0.001265
158 -0.003261
159 -0.001664
160 -0.001191
161 0.002888
162 -0.001054
163 -0.001010
164 -0.003882
165 -0.000522
166 -0.001030
167 0.003745
168 0.003011
169 -0.001632
170 -0.003724
171 -0.000952
172 -0.000543
173 -0.000894
174 -0.000210
175 0.000378
176 0.000734
177 0.000111
178 -0.001231
179 0.001974
180 -0.003422
181 -0.000190
182 -0.000817
183 -0.000287
184 -0.001270
185 -0.002841
186 0.001980
187 -0.000962
188 -0.003589
189 -0.000880
190 -0.001586
191 0.001842
192 0.001378
193 0.001314
194 0.002076
195 -0.003020
196 -0.002662
197 0.003912
198 0.005565
199 0.002215
200 0.000120
201 -0.002492
202 -0.000719
203 -0.000359
204 0.000677
205 -0.000448
206 0.000963
207 0.001809
208 -0.000181
209 -0.004576
210 -0.001884
211 0.003069
212 0.001468
213 0.003511
214 -0.002870
215 -0.004604
216 0.001471
217 0.000401
218 0.000893
219 -0.003434
220 0.001533
221 -0.002605
222 -0.000301
223 -0.001626
224 0.002708
225 -0.001705
226 0.002900
227 0.001309
228 0.002867
229 -0.002583
230 0.004457
231 -0.000362
232 -0.003188
233 -0.002898
234 -0.001062
235 0.002461
236 0.000366
237 -0.000137
238 -0.001639
239 -0.003409
240 0.003078
241 0.002281
242 -0.001148
243 -0.001529
244 -0.003452
245 -0.001822
246 -0.001654
247 -0.000312
248 0.002036
249 -0.003613
250 -0.003180
251 0.003233
252 0.001494
253 0.002854
254 0.003315
255 -0.003550
256 -0.000725
257 -0.002600
258 0.002022
259 0.001482
260 -0.001160
261 -0.000122
262 0.002048
263 -0.002572
264 0.001290
265 -0.000411
266 -0.001597
267 0.001352
268 -0.006869
269 -0.003214
270 0.005592
271 0.003532
272 0.000187
273 0.001432
274 0.001709
275 -0.000565
276 0.000896
277 -0.002073
278 -0.004936
279 0.001969
280 0.000175
281 0.002959
282 -0.001077
283 -0.001507
284 -0.002711
285 0.000679
286 0.004219
287 -0.001733
288 0.000382
289 -0.001489
290 -0.000586
291 -0.000497
292 -0.000617
293 0.001590
294 -0.002290
295 0.000787
296 0.001327
297 -0.002285
298 0.002855
299 0.000807
300 0.000636
301 0.001161
302 -0.000600
303 -0.000139
304 0.001226
305 0.000017
306 0.001927
307 -0.000084
308 -0.001550
309 0.005617
310 0.000993
311 -0.001089
312 -0.001499
313 -0.000055
314 0.000058
315 0.002417
316 -0.001559
317 -0.002290
318 0.001321
319 0.000517
320 0.001082
321 -0.005253
322 0.001629
323 0.001588
324 -0.001313
325 -0.000249
326 -0.000067
327 -0.000110
328 -0.000502
329 -0.001881
330 0.002522
331 0.000280
332 0.001370
333 0.003940
334 -0.000427
335 -0.001496
336 -0.004798
337 -0.004629
338 0.002655
339 0.001725
340 0.002922
341 -0.001366
342 -0.003745
343 0.003417
344 0.001393
345 0.002434
346 -0.003291
347 0.001769
348 -0.001344
349 0.000791
350 0.000909
351 -0.000777
352 -0.000390
353 0.001968
354 0.000996
355 0.002513
356 0.001334
357 -0.002180
358 -0.005800
359 -0.000242
360 -0.001681
361 -0.001066
362 0.000687
363 -0.001636
364 -0.000858
365 0.003857
366 0.002484
367 -0.002172
368 -0.005032
369 0.002487
370 -0.000339
371 0.002229
372 0.004275
373 -0.003207
374 -0.003939
375 0.001436
376 0.001160
377 -0.001463
378 0.000003
379 -0.002569
380 -0.004491
381 0.000160
382 -0.001481
383 0.002154
384 -0.001755
385 0.005293
386 -0.000194
387 -0.000740
388 -0.000836
389 0.000827
390 0.003927
391 -0.000093
392 -0.002298
393 -0.002402
394 0.000964
395 -0.000511
396 -0.001191
397 0.003484
398 -0.001165
399 0.004280
400 -0.001258
401 -0.001948
402 -0.001436
403 0.001787
404 -0.001244
405 -0.006643
406 0.001561
407 -0.003066
408 -0.001903
409 -0.003335
410 0.004604
411 0.000177
412 -0.000008
413 0.002041
414 0.000680
415 -0.000692
416 0.002044
417 -0.002732
418 0.000560
419 -0.003721
420 -0.000297
421 0.001134
422 0.001558
423 -0.002698
424 -0.002846
425 0.001251
426 0.001437
427 -0.001552
428 -0.000663
429 0.001973
430 -0.003315
431 -0.004175
432 0.000335
433 0.003215
434 0.000720
435 0.002771
436 -0.001283
437 -0.001163
438 -0.001646
439 0.000027
440 -0.003444
441 -0.002797
442 0.001394
443 -0.002507
444 0.000455
445 -0.000301
446 0.000288
447 -0.005483
448 0.000995
449 0.002600
450 0.001293
451 -0.003883
452 -0.000594
453 0.001539
454 0.000726
455 0.004321
456 0.001574
457 -0.002795
458 0.003271
459 -0.002916
460 0.002744
461 0.001705
462 0.000053
463 -0.000084
464 -0.000318
465 0.004451
466 0.003783
467 0.001399
468 -0.000802
469 0.002780
470 -0.003987
471 -0.001468
472 0.002448
473 -0.002325
474 0.002336
475 -0.001808
476 0.001378
477 0.001135
478 -0.000015
479 0.000604
480 0.004987
481 0.001754
482 -0.002277
483 0.001081
484 -0.000999
485 0.002275
486 0.007034
487 -0.001727
488 -0.000721
489 0.002185
490 -0.005522
491 -0.000207
492 0.000757
493 -0.003464
494 0.000439
495 0.003576
496 0.000017
497 0.002348
498 -0.005678
499 0.000950
